"year"	"value"	"month"
1895	0.55	1
1896	-0.33	1
1897	1.23	1
1898	-0.75	1
1899	-1.59	1
1900	0.1	1
1901	0.21	1
1902	-0.99	1
1903	0.03	1
1904	-1.78	1
1905	-0.08	1
1906	-0.13	1
1907	2.24	1
1908	0.83	1
1909	0.42	1
1910	0.89	1
1911	-0.76	1
1912	-1.72	1
1913	-0.45	1
1914	1.28	1
1915	0.08	1
1916	1.29	1
1917	0.29	1
1918	-2.52	1
1919	-0.87	1
1920	-1.53	1
1921	0.96	1
1922	0.31	1
1923	0.49	1
1924	-1.32	1
1925	-2.38	1
1926	-1.22	1
1927	-0.58	1
1928	-0.11	1
1929	-1.98	1
1930	-2.36	1
1931	-2.33	1
1932	-0.53	1
1933	-1.24	1
1934	-2.16	1
1935	-1.43	1
1936	-1.33	1
1937	-0.79	1
1938	-0.54	1
1939	-0.43	1
1940	-1.36	1
1941	0.11	1
1942	2.2	1
1943	0.5	1
1944	-1.03	1
1945	-0.54	1
1946	0.25	1
1947	-0.84	1
1948	-2.18	1
1949	-0.87	1
1950	-2.17	1
1951	-0.45	1
1952	0.77	1
1953	0.13	1
1954	-1.02	1
1955	-1.21	1
1956	0.27	1
1957	-1.79	1
1958	-0.05	1
1959	-1.36	1
1960	-2.93	1
1961	-2.36	1
1962	-2.07	1
1963	-1.06	1
1964	0.37	1
1965	-0.29	1
1966	0.79	1
1967	-0.33	1
1968	-0.26	1
1969	0.61	1
1970	-0.22	1
1971	-0.5	1
1972	-0.8	1
1973	-0.04	1
1974	0.82	1
1975	-1.56	1
1976	-2.04	1
1977	-2	1
1978	-0.62	1
1979	0.76	1
1980	0.65	1
1981	-1.64	1
1982	0.01	1
1983	3.09	1
1984	4.33	1
1985	1.53	1
1986	-1.05	1
1987	-1.43	1
1988	-1.47	1
1989	-2	1
1990	-2.41	1
1991	-3.04	1
1992	-1.94	1
1993	0.22	1
1994	-1.39	1
1995	0.42	1
1996	-0.47	1
1997	1.25	1
1998	-0.34	1
1999	1.97	1
2000	-1.88	1
2001	-1.89	1
2002	-1.89	1
2003	-2.64	1
2004	-1.82	1
2005	0.43	1
2006	0.76	1
2007	-2.29	1
2008	-2.3	1
2009	-3.15	1
2010	-1.69	1
2011	1.11	1
2012	-0.52	1
2013	-1.58	1
2014	-3.9	1
1895	-0.1	2
1896	-1.21	2
1897	1.57	2
1898	-1.08	2
1899	-1.93	2
1900	-0.59	2
1901	0.8	2
1902	-0.48	2
1903	-0.27	2
1904	-1.1	2
1905	0.35	2
1906	-0.09	2
1907	1.97	2
1908	0.79	2
1909	1.17	2
1910	0.36	2
1911	-0.53	2
1912	-2.4	2
1913	-0.78	2
1914	1.4	2
1915	0.92	2
1916	1	2
1917	0.41	2
1918	-2.19	2
1919	-0.41	2
1920	-1.56	2
1921	0.42	2
1922	0.7	2
1923	-0.29	2
1924	-2.09	2
1925	-2.28	2
1926	-1.22	2
1927	0.39	2
1928	-0.47	2
1929	-2.19	2
1930	-2.45	2
1931	-2.25	2
1932	-0.13	2
1933	-1.69	2
1934	-2.34	2
1935	-1.4	2
1936	-0.42	2
1937	-0.16	2
1938	0.35	2
1939	-0.72	2
1940	-0.66	2
1941	0.94	2
1942	1.9	2
1943	0.24	2
1944	-0.43	2
1945	-0.2	2
1946	-0.21	2
1947	-1.55	2
1948	-2.42	2
1949	-1.01	2
1950	-2.31	2
1951	-0.73	2
1952	0.44	2
1953	-0.89	2
1954	-1.27	2
1955	-1.49	2
1956	0.08	2
1957	-1.9	2
1958	0.62	2
1959	-1.12	2
1960	-2.53	2
1961	-2.69	2
1962	-1.17	2
1963	-1.06	2
1964	-0.81	2
1965	-1.02	2
1966	0.41	2
1967	-1.07	2
1968	-0.95	2
1969	1.54	2
1970	-0.81	2
1971	-1.33	2
1972	-1.31	2
1973	0.51	2
1974	0.19	2
1975	-1.34	2
1976	-1.93	2
1977	-2.9	2
1978	0.29	2
1979	0.98	2
1980	1.6	2
1981	-2.05	2
1982	-0.16	2
1983	3.39	2
1984	3.43	2
1985	1.01	2
1986	0.04	2
1987	-1.63	2
1988	-1.96	2
1989	-2.24	2
1990	-2.51	2
1991	-3.51	2
1992	-1.31	2
1993	1.05	2
1994	-1.32	2
1995	-0.09	2
1996	-0.15	2
1997	0.47	2
1998	1.65	2
1999	1.57	2
2000	-1.33	2
2001	-1.58	2
2002	-2.41	2
2003	-2.54	2
2004	-1.27	2
2005	0.74	2
2006	0	2
2007	-2.37	2
2008	-2.18	2
2009	-2.79	2
2010	-1.43	2
2011	1.08	2
2012	-1.57	2
2013	-2.22	2
2014	-4.13	2
1895	-0.21	3
1896	-1.12	3
1897	1.87	3
1898	-1.48	3
1899	-1.36	3
1900	-1.07	3
1901	0.2	3
1902	-0.29	3
1903	0.32	3
1904	-0.09	3
1905	1.04	3
1906	1.24	3
1907	2.89	3
1908	-0.02	3
1909	1.18	3
1910	-0.21	3
1911	0.03	3
1912	-1.9	3
1913	-1.12	3
1914	0.5	3
1915	0.46	3
1916	0.75	3
1917	-0.03	3
1918	-1.52	3
1919	-0.22	3
1920	-0.98	3
1921	-0.08	3
1922	0.82	3
1923	-1.19	3
1924	-2.18	3
1925	-2.44	3
1926	-2.14	3
1927	0.26	3
1928	-0.44	3
1929	-2.34	3
1930	-2.3	3
1931	-2.6	3
1932	-0.64	3
1933	-1.8	3
1934	-3.21	3
1935	-0.94	3
1936	-0.98	3
1937	0.4	3
1938	1.69	3
1939	-0.74	3
1940	-0.81	3
1941	1.35	3
1942	1.26	3
1943	0.49	3
1944	-0.61	3
1945	0.19	3
1946	-0.44	3
1947	-1.86	3
1948	-2.14	3
1949	-0.64	3
1950	-2.33	3
1951	-1.3	3
1952	1.07	3
1953	-1.32	3
1954	-0.86	3
1955	-1.96	3
1956	-0.83	3
1957	-1.92	3
1958	1.31	3
1959	-2.14	3
1960	-2.56	3
1961	-2.67	3
1962	-1.06	3
1963	-0.93	3
1964	-1.21	3
1965	-1.59	3
1966	-0.28	3
1967	-1.03	3
1968	-1.35	3
1969	1.11	3
1970	-0.95	3
1971	-1.5	3
1972	-2.17	3
1973	0.96	3
1974	0.56	3
1975	-0.62	3
1976	-2.14	3
1977	-3.14	3
1978	1.12	3
1979	1.14	3
1980	1.6	3
1981	-1.65	3
1982	0.45	3
1983	4.47	3
1984	2.16	3
1985	0.88	3
1986	0.39	3
1987	-1.48	3
1988	-2.58	3
1989	-2.08	3
1990	-3	3
1991	-2.07	3
1992	-0.8	3
1993	1.01	3
1994	-1.98	3
1995	1.4	3
1996	-0.42	3
1997	-0.73	3
1998	2.03	3
1999	0.96	3
2000	-1.49	3
2001	-1.65	3
2002	-2.64	3
2003	-2.41	3
2004	-2.02	3
2005	0.88	3
2006	0.53	3
2007	-3.17	3
2008	-2.7	3
2009	-2.86	3
2010	-1.45	3
2011	1.6	3
2012	-1.46	3
2013	-2.88	3
2014	-4.08	3
1895	-0.33	4
1896	-0.01	4
1897	1.43	4
1898	-2.09	4
1899	-1.62	4
1900	-0.83	4
1901	0.36	4
1902	-0.17	4
1903	0.13	4
1904	0.04	4
1905	0.9	4
1906	1.28	4
1907	2.51	4
1908	-0.79	4
1909	0.38	4
1910	-0.91	4
1911	0.13	4
1912	-1.24	4
1913	-1.19	4
1914	0.48	4
1915	0.53	4
1916	0.18	4
1917	0.03	4
1918	-1.72	4
1919	-0.51	4
1920	-0.62	4
1921	-0.72	4
1922	0.62	4
1923	-0.66	4
1924	-2.37	4
1925	-1.93	4
1926	-1.24	4
1927	0.53	4
1928	-0.68	4
1929	-2.02	4
1930	-2.28	4
1931	-2.57	4
1932	-0.65	4
1933	-1.99	4
1934	-3.81	4
1935	0.33	4
1936	-1.08	4
1937	0.46	4
1938	1.78	4
1939	-1.2	4
1940	-0.94	4
1941	2.23	4
1942	1.63	4
1943	0.6	4
1944	-0.31	4
1945	-0.29	4
1946	-1.18	4
1947	-2.24	4
1948	-1.19	4
1949	-1.16	4
1950	-2.47	4
1951	-1.46	4
1952	1.08	4
1953	-1.18	4
1954	-0.97	4
1955	-1.58	4
1956	-0.83	4
1957	-1.8	4
1958	2.15	4
1959	-2.89	4
1960	-2.52	4
1961	-2.91	4
1962	-1.59	4
1963	0.08	4
1964	-1.66	4
1965	-0.59	4
1966	-0.89	4
1967	0.49	4
1968	-1.92	4
1969	1.13	4
1970	-1.27	4
1971	-1.57	4
1972	-2.27	4
1973	0.47	4
1974	0.57	4
1975	0	4
1976	-1.95	4
1977	-3.69	4
1978	2.23	4
1979	0.97	4
1980	1.56	4
1981	-1.89	4
1982	1.22	4
1983	4.79	4
1984	1.5	4
1985	-0.03	4
1986	0.05	4
1987	-2.15	4
1988	-2.13	4
1989	-2.63	4
1990	-3.38	4
1991	-2.05	4
1992	-0.93	4
1993	1	4
1994	-2.19	4
1995	1.96	4
1996	-0.49	4
1997	-1.37	4
1998	2.35	4
1999	1.1	4
2000	-1.47	4
2001	-1.39	4
2002	-3.01	4
2003	-1.53	4
2004	-2.35	4
2005	1	4
2006	1.31	4
2007	-3.35	4
2008	-3.04	4
2009	-3.1	4
2010	-0.55	4
2011	1.3	4
2012	-1.2	4
2013	-3.32	4
2014	-4.19	4
1895	0.01	5
1896	0.48	5
1897	0.88	5
1898	-1.74	5
1899	-1.44	5
1900	-0.72	5
1901	0.5	5
1902	-0.14	5
1903	-0.18	5
1904	-0.26	5
1905	1.48	5
1906	2.14	5
1907	2.35	5
1908	-0.55	5
1909	-0.14	5
1910	-1.44	5
1911	0.19	5
1912	-0.66	5
1913	-1.23	5
1914	0.21	5
1915	1.68	5
1916	0.09	5
1917	0.16	5
1918	-1.78	5
1919	-0.81	5
1920	-0.74	5
1921	-0.1	5
1922	0.83	5
1923	-0.88	5
1924	-2.92	5
1925	-1.53	5
1926	-1.29	5
1927	0.58	5
1928	-1.13	5
1929	-2.3	5
1930	-1.79	5
1931	-2.66	5
1932	-0.48	5
1933	-1.47	5
1934	-3.98	5
1935	0.3	5
1936	-1.22	5
1937	0.23	5
1938	1.65	5
1939	-1.27	5
1940	-1.17	5
1941	2.65	5
1942	1.84	5
1943	0.29	5
1944	-0.21	5
1945	0	5
1946	-1.42	5
1947	-2.51	5
1948	-0.83	5
1949	-1	5
1950	-2.51	5
1951	-1.45	5
1952	0.98	5
1953	-0.67	5
1954	-1.49	5
1955	-1.48	5
1956	-0.57	5
1957	-0.83	5
1958	2.08	5
1959	-3.1	5
1960	-2.32	5
1961	-2.75	5
1962	-1.52	5
1963	0.21	5
1964	-1.6	5
1965	-0.77	5
1966	-1.56	5
1967	0.45	5
1968	-2.1	5
1969	0.79	5
1970	-1.77	5
1971	-1.18	5
1972	-2.56	5
1973	0.14	5
1974	0.15	5
1975	-0.3	5
1976	-2.29	5
1977	-2.97	5
1978	2.16	5
1979	0.92	5
1980	1.64	5
1981	-1.82	5
1982	0.96	5
1983	4.69	5
1984	0.62	5
1985	-0.79	5
1986	-0.11	5
1987	-2.38	5
1988	-1.99	5
1989	-2.68	5
1990	-2.73	5
1991	-1.81	5
1992	-1.29	5
1993	1.16	5
1994	-2.01	5
1995	2.41	5
1996	-0.12	5
1997	-2.18	5
1998	3.42	5
1999	0.73	5
2000	-1.46	5
2001	-1.76	5
2002	-3.08	5
2003	-1.29	5
2004	-2.68	5
2005	1.97	5
2006	1.12	5
2007	-3.71	5
2008	-3.05	5
2009	-3.04	5
2010	0.01	5
2011	1.49	5
2012	-1.73	5
2013	-3.52	5
2014	-4.5	5
1895	-0.14	6
1896	0.49	6
1897	0.61	6
1898	-1.64	6
1899	-1.15	6
1900	-0.68	6
1901	0.47	6
1902	-0.24	6
1903	-0.36	6
1904	-0.66	6
1905	1.58	6
1906	2.64	6
1907	2.53	6
1908	-0.49	6
1909	-0.44	6
1910	-1.74	6
1911	0.29	6
1912	-0.18	6
1913	-0.93	6
1914	0.42	6
1915	1.81	6
1916	0.03	6
1917	0.1	6
1918	-1.65	6
1919	-1.17	6
1920	-0.58	6
1921	0.04	6
1922	0.86	6
1923	-0.62	6
1924	-3.32	6
1925	-1.05	6
1926	-1.52	6
1927	0.7	6
1928	-1.45	6
1929	-1.87	6
1930	-1.66	6
1931	-2.39	6
1932	-0.42	6
1933	-1.22	6
1934	-3.65	6
1935	0.11	6
1936	-0.96	6
1937	0.36	6
1938	1.52	6
1939	-1.45	6
1940	-1.46	6
1941	2.82	6
1942	1.71	6
1943	0.36	6
1944	0.06	6
1945	0.06	6
1946	-1.65	6
1947	-2.27	6
1948	-0.4	6
1949	-1.19	6
1950	-2.37	6
1951	-1.66	6
1952	1.07	6
1953	-0.25	6
1954	-1.36	6
1955	-1.38	6
1956	-0.46	6
1957	-0.58	6
1958	2.23	6
1959	-3.32	6
1960	-2.45	6
1961	-2.69	6
1962	-1.5	6
1963	0.5	6
1964	-1.35	6
1965	-0.68	6
1966	-1.91	6
1967	0.77	6
1968	-2.2	6
1969	0.82	6
1970	-1.78	6
1971	-0.88	6
1972	-2.39	6
1973	-0.37	6
1974	-0.18	6
1975	-0.44	6
1976	-2.49	6
1977	-2.85	6
1978	2.03	6
1979	0.59	6
1980	1.72	6
1981	-2.01	6
1982	1.07	6
1983	4.56	6
1984	0.36	6
1985	-1.37	6
1986	-0.48	6
1987	-2.59	6
1988	-1.73	6
1989	-2.67	6
1990	-2.45	6
1991	-1.55	6
1992	-1.44	6
1993	1.69	6
1994	-2.03	6
1995	2.88	6
1996	-0.12	6
1997	-2.16	6
1998	3.9	6
1999	0.59	6
2000	-1.39	6
2001	-2.06	6
2002	-3.15	6
2003	-1.24	6
2004	-2.93	6
2005	2.37	6
2006	0.92	6
2007	-3.84	6
2008	-3.23	6
2009	-2.79	6
2010	0.38	6
2011	1.9	6
2012	-1.91	6
2013	-3.52	6
2014	-4.69	6
1895	-0.17	7
1896	0.67	7
1897	0.35	7
1898	-1.64	7
1899	-1.15	7
1900	-0.73	7
1901	0.19	7
1902	-0.25	7
1903	-0.6	7
1904	-0.86	7
1905	1.37	7
1906	2.85	7
1907	2.57	7
1908	-0.38	7
1909	-0.57	7
1910	-1.65	7
1911	0.46	7
1912	0.23	7
1913	-0.14	7
1914	0.47	7
1915	1.86	7
1916	0.25	7
1917	0.2	7
1918	-1.63	7
1919	-1.21	7
1920	-0.61	7
1921	0.03	7
1922	0.79	7
1923	-0.3	7
1924	-3.45	7
1925	-0.81	7
1926	-1.67	7
1927	0.66	7
1928	-1.73	7
1929	-1.73	7
1930	-1.71	7
1931	-2.44	7
1932	-0.56	7
1933	-1.21	7
1934	-3.45	7
1935	-0.16	7
1936	-0.56	7
1937	0.44	7
1938	1.27	7
1939	-1.51	7
1940	-1.73	7
1941	2.86	7
1942	1.45	7
1943	0.38	7
1944	0.21	7
1945	0.06	7
1946	-1.43	7
1947	-2.1	7
1948	-0.19	7
1949	-1.46	7
1950	-2.13	7
1951	-1.77	7
1952	1.33	7
1953	0.08	7
1954	-1.27	7
1955	-1.21	7
1956	-0.3	7
1957	-0.66	7
1958	2.28	7
1959	-3.37	7
1960	-2.54	7
1961	-2.69	7
1962	-1.54	7
1963	0.52	7
1964	-1.14	7
1965	-0.5	7
1966	-1.96	7
1967	0.96	7
1968	-2.03	7
1969	0.78	7
1970	-1.8	7
1971	-0.65	7
1972	-2.53	7
1973	-0.77	7
1974	0.03	7
1975	-0.57	7
1976	-2.35	7
1977	-2.85	7
1978	1.74	7
1979	0.65	7
1980	1.8	7
1981	-2.17	7
1982	1.2	7
1983	4.27	7
1984	0.7	7
1985	-1.59	7
1986	-0.57	7
1987	-2.48	7
1988	-1.68	7
1989	-2.67	7
1990	-2.09	7
1991	-1.23	7
1992	-1.33	7
1993	1.72	7
1994	-2.13	7
1995	3.01	7
1996	-0.1	7
1997	-1.95	7
1998	4.24	7
1999	0.64	7
2000	-1.48	7
2001	-1.99	7
2002	-3.19	7
2003	-1.34	7
2004	-3.03	7
2005	2.56	7
2006	0.6	7
2007	-3.72	7
2008	-3.2	7
2009	-2.68	7
2010	0.31	7
2011	2.17	7
2012	-1.83	7
2013	-3.32	7
2014	NA	7
1895	-0.3	8
1896	0.87	8
1897	0.17	8
1898	-1.52	8
1899	-0.9	8
1900	-0.82	8
1901	0.3	8
1902	-0.32	8
1903	-0.77	8
1904	-0.67	8
1905	1.05	8
1906	2.8	8
1907	2.42	8
1908	-0.4	8
1909	-0.25	8
1910	-1.69	8
1911	0.1	8
1912	0.28	8
1913	0.2	8
1914	0.22	8
1915	1.59	8
1916	0.33	8
1917	0.06	8
1918	-1.47	8
1919	-1.29	8
1920	-0.4	8
1921	0.08	8
1922	0.78	8
1923	-0.2	8
1924	-3.35	8
1925	-0.56	8
1926	-1.62	8
1927	0.46	8
1928	-1.87	8
1929	-1.58	8
1930	-1.65	8
1931	-2.05	8
1932	-0.81	8
1933	-1.32	8
1934	-3.17	8
1935	0.01	8
1936	-0.55	8
1937	0.1	8
1938	0.95	8
1939	-1.54	8
1940	-1.89	8
1941	2.88	8
1942	1.32	8
1943	0.22	8
1944	0	8
1945	0.29	8
1946	-1.48	8
1947	-1.84	8
1948	-0.26	8
1949	-1.52	8
1950	-2.2	8
1951	-1.54	8
1952	0.99	8
1953	0.14	8
1954	-1.08	8
1955	-0.95	8
1956	-0.48	8
1957	-0.74	8
1958	2.22	8
1959	-3.16	8
1960	-2.64	8
1961	-2.25	8
1962	-1.49	8
1963	0.58	8
1964	-1.13	8
1965	0.03	8
1966	-2.04	8
1967	0.91	8
1968	-1.53	8
1969	0.42	8
1970	-1.76	8
1971	-0.47	8
1972	-2.4	8
1973	-0.86	8
1974	0.01	8
1975	-0.44	8
1976	-1.65	8
1977	-2.03	8
1978	1.48	8
1979	0.76	8
1980	1.41	8
1981	-2.19	8
1982	1.27	8
1983	5.06	8
1984	1.04	8
1985	-1.83	8
1986	-0.7	8
1987	-2.51	8
1988	-1.43	8
1989	-2.4	8
1990	-1.72	8
1991	-1.06	8
1992	-1.32	8
1993	1.62	8
1994	-2.18	8
1995	2.66	8
1996	-0.26	8
1997	-1.79	8
1998	3.93	8
1999	0.59	8
2000	-1.33	8
2001	-2.06	8
2002	-3.19	8
2003	-0.97	8
2004	-2.87	8
2005	2.41	8
2006	0.21	8
2007	-3.52	8
2008	-3.12	8
2009	-2.64	8
2010	0.01	8
2011	1.96	8
2012	-1.72	8
2013	-3.1	8
2014	NA	8
1895	0.25	9
1896	0.86	9
1897	0.06	9
1898	-1.35	9
1899	-1.12	9
1900	-0.78	9
1901	0.6	9
1902	-0.64	9
1903	-0.86	9
1904	0.47	9
1905	0.82	9
1906	2.43	9
1907	2.03	9
1908	-0.13	9
1909	-0.19	9
1910	-1.46	9
1911	0.18	9
1912	0.7	9
1913	-0.04	9
1914	0.09	9
1915	1.16	9
1916	0.37	9
1917	-0.22	9
1918	-0.39	9
1919	-0.8	9
1920	-0.38	9
1921	0.12	9
1922	0.41	9
1923	0.36	9
1924	-3.28	9
1925	-0.16	9
1926	-1.65	9
1927	0.23	9
1928	-2.03	9
1929	-1.52	9
1930	-1.44	9
1931	-1.99	9
1932	-1.03	9
1933	-1.44	9
1934	-3.04	9
1935	-0.25	9
1936	-0.78	9
1937	-0.27	9
1938	0.78	9
1939	-0.41	9
1940	-1.62	9
1941	2.54	9
1942	0.75	9
1943	-0.14	9
1944	-0.36	9
1945	-0.08	9
1946	-1.52	9
1947	-1.98	9
1948	-0.33	9
1949	-1.78	9
1950	-1.99	9
1951	-1.78	9
1952	0.78	9
1953	-0.25	9
1954	-1.15	9
1955	-1.05	9
1956	-0.69	9
1957	-0.48	9
1958	2.13	9
1959	-2.34	9
1960	-2.58	9
1961	-2.18	9
1962	-1.49	9
1963	0.93	9
1964	-1.3	9
1965	-0.16	9
1966	-1.98	9
1967	0.93	9
1968	-1.72	9
1969	0.15	9
1970	-1.95	9
1971	-0.43	9
1972	-2.04	9
1973	-0.93	9
1974	-0.49	9
1975	-0.56	9
1976	-0.07	9
1977	-1.61	9
1978	1.9	9
1979	0.38	9
1980	1.04	9
1981	-1.99	9
1982	1.75	9
1983	5	9
1984	0.79	9
1985	-1.3	9
1986	0.16	9
1987	-2.58	9
1988	-1.67	9
1989	-1.7	9
1990	-1.61	9
1991	-1.19	9
1992	-1.66	9
1993	1.07	9
1994	-2.15	9
1995	2.08	9
1996	-0.4	9
1997	-1.22	9
1998	3.78	9
1999	0.31	9
2000	-1.31	9
2001	-2.09	9
2002	-3.19	9
2003	-1.2	9
2004	-2.82	9
2005	2.11	9
2006	-0.27	9
2007	-3.13	9
2008	-3.2	9
2009	-2.77	9
2010	-0.35	9
2011	1.66	9
2012	-1.99	9
2013	-2.66	9
2014	NA	9
1895	-0.36	10
1896	1	10
1897	0.38	10
1898	-1.44	10
1899	0.08	10
1900	-0.29	10
1901	0.71	10
1902	-0.49	10
1903	-1.24	10
1904	0.9	10
1905	0.12	10
1906	1.59	10
1907	2.21	10
1908	-0.04	10
1909	-0.16	10
1910	-1.47	10
1911	-0.05	10
1912	0.74	10
1913	-0.65	10
1914	0.21	10
1915	0.22	10
1916	0.6	10
1917	-1.02	10
1918	-0.35	10
1919	-0.89	10
1920	0.06	10
1921	-0.07	10
1922	0.38	10
1923	0.25	10
1924	-2.51	10
1925	0.09	10
1926	-1.65	10
1927	0.51	10
1928	-2.18	10
1929	-1.97	10
1930	-1.61	10
1931	-1.87	10
1932	-1.18	10
1933	-1.45	10
1934	-2.56	10
1935	-0.29	10
1936	-0.81	10
1937	-0.59	10
1938	0.72	10
1939	-0.44	10
1940	-1.31	10
1941	2.59	10
1942	0.19	10
1943	-0.17	10
1944	-0.61	10
1945	0.48	10
1946	-1.35	10
1947	-1.37	10
1948	-0.39	10
1949	-2.02	10
1950	-1.18	10
1951	-1.39	10
1952	-0.29	10
1953	-0.48	10
1954	-1.53	10
1955	-1.51	10
1956	-0.32	10
1957	0.18	10
1958	1.44	10
1959	-2.57	10
1960	-2.64	10
1961	-2.29	10
1962	-0.09	10
1963	1.24	10
1964	-1.43	10
1965	-0.9	10
1966	-2.26	10
1967	0.46	10
1968	-1.51	10
1969	0.13	10
1970	-1.94	10
1971	-0.61	10
1972	-1.55	10
1973	-0.77	10
1974	-0.32	10
1975	-0.04	10
1976	-0.26	10
1977	-1.83	10
1978	1.15	10
1979	0.69	10
1980	0.37	10
1981	-1.36	10
1982	2.02	10
1983	4.78	10
1984	0.9	10
1985	-1.18	10
1986	-0.07	10
1987	-2.43	10
1988	-2.25	10
1989	-1.22	10
1990	-1.97	10
1991	-1.18	10
1992	-1.29	10
1993	0.63	10
1994	-2.14	10
1995	1.19	10
1996	-0.17	10
1997	-1.25	10
1998	3.31	10
1999	-0.31	10
2000	-0.71	10
2001	-2.33	10
2002	-3.39	10
2003	-2	10
2004	-1.46	10
2005	1.88	10
2006	-0.76	10
2007	-2.83	10
2008	-3.28	10
2009	-2.22	10
2010	0.43	10
2011	1.59	10
2012	-2.04	10
2013	-2.78	10
2014	NA	10
1895	-0.45	11
1896	1.23	11
1897	-0.04	11
1898	-1.57	11
1899	0.57	11
1900	0.4	11
1901	0.42	11
1902	0	11
1903	-0.92	11
1904	0.35	11
1905	0.26	11
1906	1.35	11
1907	1.32	11
1908	-0.33	11
1909	0.24	11
1910	-1.39	11
1911	-0.76	11
1912	0.4	11
1913	-0.18	11
1914	-0.6	11
1915	-0.23	11
1916	0.22	11
1917	-1.44	11
1918	-0.17	11
1919	-1.02	11
1920	0.49	11
1921	-0.55	11
1922	0.52	11
1923	-0.36	11
1924	-2.37	11
1925	-0.12	11
1926	-0.66	11
1927	0.6	11
1928	-1.95	11
1929	-2.53	11
1930	-1.61	11
1931	-1.48	11
1932	-1.83	11
1933	-1.99	11
1934	-2.03	11
1935	-0.61	11
1936	-1.44	11
1937	-0.62	11
1938	0.1	11
1939	-0.97	11
1940	-1.53	11
1941	2.11	11
1942	0.05	11
1943	-0.8	11
1944	0.36	11
1945	0.46	11
1946	-0.32	11
1947	-1.54	11
1948	-0.85	11
1949	-2.23	11
1950	-0.44	11
1951	-1.1	11
1952	-0.21	11
1953	-0.54	11
1954	-1.43	11
1955	-1.43	11
1956	-1.12	11
1957	0.1	11
1958	0.74	11
1959	-2.96	11
1960	-1.92	11
1961	-2.01	11
1962	-0.49	11
1963	1.65	11
1964	-0.93	11
1965	0.45	11
1966	-1.71	11
1967	0.39	11
1968	-1.42	11
1969	-0.16	11
1970	-0.96	11
1971	-0.75	11
1972	-0.69	11
1973	0.37	11
1974	-0.87	11
1975	-0.4	11
1976	-0.84	11
1977	-2.01	11
1978	1.02	11
1979	0.66	11
1980	-0.58	11
1981	-0.23	11
1982	2.49	11
1983	5.18	11
1984	1.62	11
1985	-0.48	11
1986	-0.62	11
1987	-2.1	11
1988	-1.92	11
1989	-1.55	11
1990	-2.33	11
1991	-1.59	11
1992	-1.82	11
1993	0.24	11
1994	-1.63	11
1995	-0.12	11
1996	0.15	11
1997	-0.91	11
1998	3.21	11
1999	-0.74	11
2000	-1.07	11
2001	-1.92	11
2002	-2.96	11
2003	-1.82	11
2004	-1.11	11
2005	1.18	11
2006	-1.27	11
2007	-3.17	11
2008	-3.03	11
2009	-2.49	11
2010	0.49	11
2011	1.31	11
2012	-1.96	11
2013	-2.82	11
2014	NA	11
1895	-0.85	12
1896	1.05	12
1897	-0.41	12
1898	-1.73	12
1899	0.5	12
1900	-0.07	12
1901	-0.27	12
1902	0.01	12
1903	-1.39	12
1904	0.13	12
1905	-0.27	12
1906	1.84	12
1907	1	12
1908	-0.61	12
1909	0.87	12
1910	-1.71	12
1911	-1.21	12
1912	-0.25	12
1913	0.06	12
1914	-0.37	12
1915	-0.12	12
1916	0.39	12
1917	-2.21	12
1918	-0.31	12
1919	-1.17	12
1920	0.63	12
1921	0.23	12
1922	0.83	12
1923	-0.71	12
1924	-2.06	12
1925	-0.73	12
1926	-0.34	12
1927	0.58	12
1928	-1.8	12
1929	-2.75	12
1930	-2.19	12
1931	-0.51	12
1932	-1.77	12
1933	-1.85	12
1934	-1.8	12
1935	-0.98	12
1936	-0.98	12
1937	-0.3	12
1938	-0.19	12
1939	-1.55	12
1940	-0.47	12
1941	2.55	12
1942	-0.14	12
1943	-0.73	12
1944	0.17	12
1945	0.96	12
1946	-0.25	12
1947	-1.7	12
1948	-0.79	12
1949	-2.34	12
1950	-0.47	12
1951	-0.14	12
1952	0.4	12
1953	-1.25	12
1954	-1.42	12
1955	-0.19	12
1956	-1.87	12
1957	0.1	12
1958	-0.8	12
1959	-3.02	12
1960	-2.09	12
1961	-1.95	12
1962	-0.75	12
1963	0.84	12
1964	-0.19	12
1965	1	12
1966	-0.93	12
1967	0.21	12
1968	-1.14	12
1969	-0.47	12
1970	-0.14	12
1971	-0.29	12
1972	-0.61	12
1973	0.46	12
1974	-0.92	12
1975	-1.2	12
1976	-1.63	12
1977	-1.5	12
1978	0.61	12
1979	0.19	12
1980	-1.4	12
1981	-0.19	12
1982	2.86	12
1983	5.42	12
1984	2.06	12
1985	-0.68	12
1986	-1.16	12
1987	-1.68	12
1988	-1.83	12
1989	-2.34	12
1990	-2.71	12
1991	-1.71	12
1992	-1.16	12
1993	-0.41	12
1994	-1.51	12
1995	-0.23	12
1996	0.76	12
1997	-0.75	12
1998	2.57	12
1999	-1.75	12
2000	-1.88	12
2001	-1.58	12
2002	-2.24	12
2003	-1.49	12
2004	-0.36	12
2005	1.11	12
2006	-1.53	12
2007	-2.94	12
2008	-2.81	12
2009	-2.3	12
2010	1.71	12
2011	0.35	12
2012	-1.27	12
2013	-3.23	12
2014	NA	12
